11111101111111111111111111100001000111
10100000010
10011111011
10010110111
1100110
1010010
111010011
1010010
000
000
000
1100110
10011001111
10011001000
10010101001
10100011011
000
000
000
110000001
000
000
000
110000001
1001011
110011
000
000
000
111111110
11111101111111111111111111111110010101
11111101111111111111111111111111110100
11000000110
000
000
000
111
11110011110
10100011011
10010110111
10010011010
000
11111101111111111111111111101011110001
11111101111111111111111111110011110000
111100000
11111101111111111111111111111001000110
000
000
111
11111100110
10011001111
10010101001
10010000100
10100101000
1101001000
11111101111111111111111111100001101101
11111101111111111111111111100001101101
11111101111111111111111111100110010100
11111101111111111111111111110011110111
1011010111
11111101111111111111111111100000010101
11110000111
111100000
11111101111111111111111111110010111100
10101111101
10011111100
11111101111111111111111111100111110010
1100110000
11111101111111111111111111111000111001
11111101111111111111111111110010111100
11111101111111111111111111101011101000
11111101111111111111111111110101000101
11000110010
10010101110
11111101111111111111111111100110100000
11111101111111111111111111110101011100
11111101111111111111111111110011011010
10100011011
1111111
110100
1011100100
110110101
11111101111111111111111111100110001101
10100110001
11001111001
11110011001
11110011001
11111101111111111111111111100111000001
11111101111111111111111111100000010101
11111101111111111111111111101011101111
11111101111111111111111111110101101000
1101001000
1101001000
11111101111111111111111111100001011110
11111111111
11000000001
11111101111111111111111111110011110000
11110110011
11111101111111111111111111111000001010
11111101111111111111111111111000010011
11111101111111111111111111111000100000
1010101000
1111000
11111101111111111111111111100000111000
10101100011
1010101000
1011001110
10011111100
11111101111111111111111111100001011001
11111101111111111111111111100111011000
10100011011
10010011010
11111101111111111111111111100111110010
11111101111111111111111111110011101001
11111101111111111111111111101100010110
11111101111111111111111111100000111111
10011001111
11001010100
10010110000
1011001110
1111000
11111010010
11111101111111111111111111101101110000
11111101111111111111111111111001101100
11111101111111111111111111100111000110
1101100101
11111001011
11111101111111111111111111100111110101
1101111011
11111100110
11111101111111111111111111110101110110
11111101111111111111111111110101110110
11111101111111111111111111111001110101
11111101111111111111111111111001011111
11111101111111111111111111111110010101
11111101111111111111111111111111101101
11111100001
1101111011
11111101111111111111111111110101110110
11111101111111111111111111101011110110
110101011
10100011100
11111101111111111111111111101100100101
11111101111111111111111111110011110111
11111101111111111111111111110101101000
11111101111111111111111111100111000110
11111101111111111111111111110011011010
11111101111111111111111111101011011100
11111101111111111111111111100111110010
11111101111111111111111111101010100100
10101100011
11111101111111111111111111101100100101
111111001
1011111101
11111101111111111111111111101011101111
11111101111111111111111111101101101110
11111101111111111111111111111111101101
11111101111111111111111111111111101010
1010101111
11111101111111111111111111111111000111
10010000100
1101100101
1010011011
11111101111111111111111111100111101100
111001010
11111101111111111111111111101011110110
11001010011
11111101111111111111111111100001110011
1011100011
11111101111111111111111111101011110110
11111101111111111111111111110100010111
11111101111111111111111111101011011011
11111101111111111111111111111111101010
1111000
11111101111111111111111111100110001101
11111101111111111111111111110101110110
11111101111111111111111111111110010010
10011111100
000
11111101111111111111111111100000100001
1010110001
11111101111111111111111111111000010011
11111101111111111111111111111111000000
11111101111111111111111111101101011010
110101100
11000000110
110101011
11111101111111111111111111101100100010
111010100
11111101111111111111111111110100010000
11111101111111111111111111100001000111
11110000111
11111101111111111111111111101010010000
1011010111
111010100
11111101111111111111111111111111000000
11111101111111111111111111110010010110
11111101111111111111111111100001011001
11111101111111111111111111110101101111
11111001100
11000101011
1100011101
11111101111111111111111111111110001011
11110101101
1011010111
11110101010
1111000
11111101111111111111111111100001110100
1010010
11111101111111111111111111111000010100
11000110010
11110110100
1010101
11111101111111111111111111111000001010
10010110111
11001001101
11111101111111111111111111101100111011
000
11111101111111111111111111111000010100
10101100011
11111101111111111111111111101100100101
111001010
1011111101
11111101111111111111111111101100111100
10100110110
000
1101001000
11111101111111111111111111110101101000
11111101111111111111111111111001110010
11111101111111111111111111111111110100
111
1100011010
11001010100
1011001110
1010000010
11000101100
1100000100
1010011100
1010101
10011001111
11111101111111111111111111100111110010
1011111101
1011111101
1011001001
111001101
1101001111
11001010011
111100000
10011111011
11111101111111111111111111101100001111
11111101111111111111111111111001110010
1010010
101010
10010101110
10101001110
11001
110000001
11111101111111111111111111100111011000
11111101111111111111111111100001000000
10100011100
111111110
11001100000
11111101111111111111111111110010010110
11111101111111111111111111110100100100
110011000
110000001
111010100
1101111100
11111101111111111111111111110101110001
10011010110
11111101111111111111111111100111101011
1010101000
110110101
11111101111111111111111111101011011100
11000110010
11111101111111111111111111100001110011
11111101111111111111111111101011000101
11111101111111111111111111100111011000
110101100
10100000010
11111101111111111111111111110101000101
11111101111111111111111111100000010101
11111101111111111111111111111001011111
11111101111111111111111111100111101100
10011100101
1111000
11111101111111111111111111111000111110
11000110101
11111101111111111111111111111001000110
11111101111111111111111111100111000110
11111101111111111111111111100111110010
11111101111111111111111111110010010110
11111101111111111111111111110101101111
11111101111111111111111111110100001110
11000101100
1101001111
11111101111111111111111111111001101011
1010010
101010
11111111111
11111101111111111111111111100110111001
10100000010
1011001110
10011001111
11111101111111111111111111100110010011
000
11110000000
1100101001
1100101001
10101001110
11111101111111111111111111110010001000
11111101111111111111111111100110100111
11111101111111111111111111101100010001
101101
11111101111111111111111111100111000001
11111101111111111111111111101011011011
11111101111111111111111111111110010101
11111101111111111111111111111111011001
10010101001
11111101111111111111111111101011101000
11111101111111111111111111100111110101
111111001
10100011100
11111010010
1100101001
11111101111111111111111111110010100010
1011100100
11111101111111111111111111111111101010
11000000110
11111101111111111111111111111000100111
11001111110
11111101111111111111111111100000001011
11111101111111111111111111101011000101
11111101111111111111111111100000010010
11110110011
11111101111111111111111111110011011101
11111101111111111111111111111110111000
11111101111111111111111111110100100011
11111101111111111111111111100111000001
11000101100
11001100111
11000101011
11111001100
11111101111111111111111111111111101101
11111101111111111111111111111111110100
11111101111111111111111111100000001011
11111101111111111111111111110010111011
11111101111111111111111111101100111011
1111000
11111101111111111111111111101010010000
1011010111
111010100
11111101111111111111111111101101101001
11111101111111111111111111111001011000
10101001110
11111101111111111111111111100001101010
11110011110
11111101111111111111111111100110100111
11111101111111111111111111110011101001
10101010000
11111101111111111111111111100001011001
11111101111111111111111111101100111100
11111101111111111111111111111111101010
110011111
11111101111111111111111111101100010001
11111101111111111111111111110101000101
11111101111111111111111111100110001010
11111101111111111111111111111110010010
11111101111111111111111111110010111011
11111101111111111111111111110101000010
11111101111111111111111111110011000100
11111101111111111111111111111111011001
1010011011
11111101111111111111111111101101110111
10010110111
1011111010
11111101111111111111111111111111011110
11111101111111111111111111110010010110
11111101111111111111111111100001011001
111001010
10011001111
11111101111111111111111111101101000100
11111101111111111111111111100111101011
11111101111111111111111111110011101110
111111001
000
11111101111111111111111111100001011001
11111101111111111111111111111111011001
11111101111111111111111111101101101110
11111001011
11111101111111111111111111100110100111
11111101111111111111111111101010111010
11111101111111111111111111100001011001
11111101111111111111111111111111011001
11111101111111111111111111101101101110
10011001000
1011010000
11111101111111111111111111110010100101
10100101000
11111101111111111111111111111001101100
11111101111111111111111111110100010111
1011111010
11111101111111111111111111111000010100
11111101111111111111111111110101101111
11111101111111111111111111110010001111
111111001
11111101111111111111111111111111011110
1100011101
11111101111111111111111111100110010100
10100101111
11111101111111111111111111101101101110
11111101111111111111111111110010001111
11111101111111111111111111101010100100
10100101111
11111101111111111111111111110101011011
110100
11111101111111111111111111100000111000
11111111000
110100
000
10100101000
11111101111111111111111111111111011110
11111101111111111111111111111001011000
11111101111111111111111111110011110000
11000110010
1111111
11111101111111111111111111110010001111
11111101111111111111111111101101110000
1001011
000
10101111101
1100011101
10100011011
11110101101
11111101111111111111111111101010100100
11111101111111111111111111111111000111
11111101111111111111111111100110001101
11111101111111111111111111111001000001
11111101111111111111111111100000010010
000
000
000
000
10011001111
10010101110
10011111011
10010101001
11111101111111111111111111101011110001
10010011010
11000000001
11111101111111111111111111100000010010
